0.0 4281
0.29 72
0.32 69
0.34 55
0.37 52
0.33 49
0.3 48
0.41 47
0.31 46
0.22 46
0.36 43
0.35 41
0.39 40
0.28 40
0.16 39
0.49 38
0.42 38
0.4 38
0.65 37
0.63 37
0.25 37
1.06 35
0.91 35
0.48 35
0.45 35
0.43 35
0.21 35
0.17 35
0.96 34
0.46 34
0.11 34
0.58 33
0.54 33
0.19 33
0.99 32
0.67 31
0.62 31
0.57 31
0.15 31
0.5 30
0.27 30
0.26 30
0.24 30
1.02 29
0.55 29
0.38 29
1.07 28
1.05 28
1.0 28
0.93 28
0.82 28
0.78 28
0.76 28
0.75 28
0.14 28
1.22 27
1.16 27
0.89 27
0.72 27
0.69 27
0.44 27
0.2 27
0.08 27
1.79 26
1.68 26
1.21 26
1.14 26
0.98 26
0.94 26
0.9 26
0.88 26
0.8 26
0.74 26
0.73 26
0.59 26
0.53 26
0.47 26
2.16 25
1.2 25
1.13 25
0.68 25
0.64 25
0.6 25
0.23 25
0.18 25
2.01 24
1.47 24
1.31 24
1.03 24
1.01 24
0.95 24
0.7 24
0.61 24
0.56 24
0.51 24
2.02 23
1.29 23
1.08 23
3.41 22
1.83 22
1.41 22
1.32 22
1.04 22
0.92 22
0.84 22
0.79 22
0.71 22
3.74 21
2.62 21
2.61 21
2.17 21
1.77 21
1.56 21
1.49 21
1.33 21
1.3 21
1.11 21
1.1 21
0.85 21
0.81 21
0.52 21
0.13 21
7.34 20
4.23 20
3.24 20
3.0 20
2.97 20
2.32 20
2.27 20
2.19 20
2.18 20
2.14 20
2.12 20
2.1 20
2.06 20
1.59 20
1.46 20
1.44 20
1.26 20
1.24 20
1.19 20
1.18 20
0.66 20
