4104 36
2303 36
1299 36
9974 24
996 24
991 24
9431 24
939 24
928 24
920 24
8906 24
788 24
759 24
7423 24
6662 24
6552 24
6539 24
6403 24
632 24
5590 24
5561 24
5546 24
5098 24
4951 24
46890 24
4505 24
4449 24
437 24
4115 24
4096 24
4087 24
4046 24
4026 24
4013 24
39793 24
3960 24
3850 24
3806 24
3773 24
3719 24
3639 24
36289 24
3141 24
30850 24
3070 24
2947 24
2916 24
2820 24
2755 24
2731 24
2662 24
2651 24
2599 24
25922 24
2507 24
2472 24
24654 24
23546 24
22994 24
2229 24
21027 24
2073 24
1967 24
1845 24
1782 24
17504 24
1732 24
1715 24
1698 24
1664 24
1636 24
1599 24
1552 24
14890 24
1339 24
12887 24
1235 24
12237 24
1158 24
1127 24
1122 24
1077 24
10526 24
4145 22
3788 22
