0 4281
1 1539
2 1102
3 867
4 696
5 538
6 467
7 429
8 365
9 349
10 290
11 277
12 250
18 234
14 234
13 234
15 232
16 230
20 223
21 201
17 201
19 179
23 171
22 161
25 143
29 142
27 142
34 138
28 136
24 135
26 132
30 127
39 125
33 124
35 120
31 119
32 118
40 115
41 110
36 109
38 105
48 101
37 101
42 94
45 92
61 89
44 89
43 85
52 84
46 84
58 81
49 80
47 80
60 79
53 79
55 76
64 74
59 73
65 71
50 70
74 69
57 69
56 68
69 67
51 67
77 65
63 65
91 64
72 64
68 64
54 64
62 61
101 61
85 60
79 59
93 58
87 58
84 58
66 58
88 57
86 57
67 56
83 55
99 54
82 54
73 54
95 53
71 53
89 52
94 51
81 50
76 50
80 49
96 48
78 48
70 48
90 47
111 47
109 46
92 45
105 45
119 44
108 44
102 44
98 43
107 43
100 43
97 42
106 42
104 41
114 40
103 39
75 38
118 38
110 38
117 37
113 37
136 34
135 33
131 33
132 32
177 31
162 31
129 31
124 31
116 31
112 31
171 30
157 30
147 30
144 30
138 30
126 30
121 30
120 29
204 28
180 28
174 28
146 28
145 28
137 28
175 27
161 27
152 27
143 27
142 27
130 27
127 27
214 26
125 26
123 26
198 25
160 25
140 25
134 25
122 25
115 25
225 24
207 24
176 24
166 24
154 24
151 24
170 23
168 23
165 23
158 23
153 23
139 23
133 23
128 23
182 22
163 22
141 22
185 21
173 21
156 21
155 21
148 21
235 20
208 20
196 20
190 20
179 20
159 20
150 20
